1595586120298 1.192520260810852 0
1595586121066 0.5882747173309326 1
1595586121800 0.5603927373886108 2
1595586122619 0.5452214479446411 3
1595586123264 0.530540406703949 4
1595586123900 0.5722907781600952 5
1595586124476 0.5194419622421265 6
1595586125121 0.5192716121673584 7
1595586125745 0.5130702257156372 8
1595586126334 0.5142191052436829 9
1595586126845 0.5070266127586365 10
1595586127345 0.5064364671707153 11
1595586128034 0.49839574098587036 12
1595586129179 0.5064934492111206 13
1595586129871 0.4969574213027954 14
1595586130493 0.49652984738349915 15
1595586131098 0.49134913086891174 16
1595586131625 0.4945913553237915 17
1595586132203 0.4927706718444824 18
1595586132742 0.4816548228263855 19
