1595582175003 0.8845435895979945 0
1595582188457 0.4891979396343231 0
1595582188603 0.4838716983795166 0
1595582202528 0.49771174788475037 0
1595582203209 0.4926556944847107 0
1595582222290 0.504261314868927 0
1595582224481 0.4937843084335327 0
1595582240537 0.8868889212783237 0
1595582242546 0.8868889212783237 0
1595582257905 0.8868889212783237 0
1595582257995 0.49302059412002563 0
1595582273881 0.4871649444103241 0
1595582274779 0.5698320269584656 0
1595582292291 0.4787645936012268 0
1595582292582 0.48365169763565063 0
1595582311382 0.8868889212783237 0
1595582313118 0.5132843255996704 0
1595582328552 0.4852048456668854 0
1595582329652 0.8868889212783237 0
1595582335869 0.504261314868927 0
