1595582192668 1.6567623615264893 0
1595582193292 0.5907604098320007 1
1595582193736 0.5553498268127441 2
1595582194357 0.5370885729789734 3
1595582194838 0.5330512523651123 4
1595582195298 0.5258575081825256 5
1595582195754 0.5163589119911194 6
1595582196147 0.521427571773529 7
1595582196713 0.5158511400222778 8
1595582197146 0.5067445039749146 9
1595582197596 0.5098984837532043 10
1595582198241 0.5039689540863037 11
1595582198723 0.5074198842048645 12
1595582199155 0.5028803944587708 13
1595582199775 0.49609076976776123 14
1595582200232 0.500370442867279 15
1595582200872 0.49036118388175964 16
1595582201430 0.49389246106147766 17
1595582201882 0.49515432119369507 18
1595582202326 0.49771174788475037 19
