1595581742484 1.108142614364624 0
1595581742994 0.577686071395874 1
1595581743416 0.5709518790245056 2
1595581744097 0.5444105863571167 3
1595581744566 0.549141526222229 4
1595581745129 0.5239509344100952 5
1595581745742 0.5293395519256592 6
1595581746305 0.5171785950660706 7
1595581746944 0.5184704661369324 8
1595581747725 0.509503185749054 9
1595581748281 0.5062597393989563 10
1595581748902 0.5087898373603821 11
1595581749340 0.5081881284713745 12
1595581749950 0.5012862682342529 13
1595581750556 0.4922301471233368 14
1595581751073 0.4908064305782318 15
1595581751582 0.48385143280029297 16
1595581752049 0.4840688407421112 17
1595581752501 0.48059794306755066 18
1595581753003 0.4845958650112152 19
