1595586120269 9.44212818145752 0
1595586121081 0.7786884903907776 1
1595586121963 0.7688368558883667 2
1595586122764 0.7510781288146973 3
1595586123617 0.7171661853790283 4
1595586124484 0.6686976552009583 5
1595586125183 0.6299681663513184 6
1595586125865 0.6044639945030212 7
1595586126535 0.5889984965324402 8
1595586127034 0.5783318877220154 9
1595586127785 0.5674600005149841 10
1595586128990 0.5587939620018005 11
1595586129665 0.5521427989006042 12
1595586130466 0.5457796454429626 13
1595586131116 0.5400616526603699 14
1595586131848 0.5352420806884766 15
1595586132569 0.5306111574172974 16
1595586133297 0.5262999534606934 17
1595586133743 0.5242367386817932 18
1595586134188 0.5201261043548584 19
