1595581693545 1.1756073236465454 0
1595581693985 0.7874919176101685 1
1595581694400 0.6002180576324463 2
1595581695072 0.5648370385169983 3
1595581695542 0.563586413860321 4
1595581695968 0.5611936450004578 5
1595581696569 0.5340555906295776 6
1595581697124 0.5425951480865479 7
1595581697620 0.5603221654891968 8
1595581698062 0.5578295588493347 9
1595581698552 0.5296075344085693 10
1595581699138 0.520595908164978 11
1595581699850 0.5096516609191895 12
1595581700360 0.5142126083374023 13
1595581700907 0.505947470664978 14
1595581701423 0.4985525906085968 15
1595581701982 0.5091692805290222 16
1595581702483 0.5064963102340698 17
1595581702965 0.5179504752159119 18
1595581703414 0.5077787041664124 19
