1595582479756 1.4615020751953125 0
1595582480524 0.5927721261978149 1
1595582481304 0.5528567433357239 2
1595582481875 0.5411362051963806 3
1595582482433 0.5304299592971802 4
1595582483092 0.522160530090332 5
1595582483748 0.5238585472106934 6
1595582484534 0.5172133445739746 7
1595582485213 0.5165805816650391 8
1595582485671 0.5032767653465271 9
1595582486222 0.5057544708251953 10
1595582486665 0.5046592950820923 11
1595582487096 0.4960612654685974 12
1595582487550 0.4940410852432251 13
1595582488093 0.4908805787563324 14
1595582489006 0.49139532446861267 15
1595582489587 0.48701512813568115 16
1595582490051 0.49023908376693726 17
1595582490523 0.48900067806243896 18
1595582491142 0.4976312518119812 19
