1595582179104 1.5645487308502197 0
1595582179766 0.5927887558937073 1
1595582180300 0.5509050488471985 2
1595582180890 0.5362443923950195 3
1595582181371 0.53141850233078 4
1595582181841 0.5346476435661316 5
1595582182383 0.5210883617401123 6
1595582182846 0.5231635570526123 7
1595582183279 0.5216436982154846 8
1595582183763 0.5113149881362915 9
1595582184203 0.5156335830688477 10
1595582184649 0.5036167502403259 11
1595582185071 0.5056501030921936 12
1595582185597 0.5060945749282837 13
1595582186075 0.49681106209754944 14
1595582186476 0.5001364946365356 15
1595582186894 0.5003424286842346 16
1595582187322 0.49587282538414 17
1595582187798 0.5051515698432922 18
1595582188337 0.4891979396343231 19
