1595581645637 2.2657861709594727 0
1595581646040 0.6013591289520264 1
1595581646533 0.5538557767868042 2
1595581647179 0.5328489542007446 3
1595581647783 0.5258011221885681 4
1595581648281 0.5190562605857849 5
1595581648909 0.5171763896942139 6
1595581649564 0.5049974918365479 7
1595581650077 0.5027475357055664 8
1595581650535 0.5004941821098328 9
1595581650949 0.5030862092971802 10
1595581651593 0.4963482618331909 11
1595581652132 0.4900490939617157 12
1595581652657 0.48912474513053894 13
1595581653114 0.49271833896636963 14
1595581653587 0.4871009588241577 15
1595581654049 0.48606860637664795 16
1595581654517 0.4864163398742676 17
1595581655002 0.484683096408844 18
1595581655629 0.4810788035392761 19
