1595581675736 3.196704626083374 0
1595581676148 0.7118815779685974 1
1595581676655 0.6230036616325378 2
1595581677382 0.5885730385780334 3
1595581678038 0.5664142966270447 4
1595581678598 0.5566630959510803 5
1595581679296 0.5488792061805725 6
1595581679985 0.5353520512580872 7
1595581680664 0.5298870801925659 8
1595581681563 0.5288005471229553 9
1595581682149 0.5223126411437988 10
1595581682779 0.5170990228652954 11
1595581683213 0.5167251229286194 12
1595581683742 0.5167956352233887 13
1595581684236 0.5158937573432922 14
1595581684946 0.5097038149833679 15
1595581685541 0.5127912759780884 16
1595581687466 0.5058048367500305 17
1595581688564 0.5168910622596741 18
1595581689448 0.5090144276618958 19
