1595586043179 1.3337899446487427 0
1595586044366 0.784858226776123 1
1595586045253 0.6442280411720276 2
1595586046102 0.5605125427246094 3
1595586046857 0.5527618527412415 4
1595586047649 0.5395970940589905 5
1595586048269 0.5351318120956421 6
1595586048982 0.5303195118904114 7
1595586049582 0.526824951171875 8
1595586050182 0.5274947881698608 9
1595586050808 0.5314036011695862 10
1595586051400 0.51312255859375 11
1595586051995 0.5082681775093079 12
1595586052662 0.5268564224243164 13
1595586053158 0.5030929446220398 14
1595586053717 0.5112311840057373 15
1595586054271 0.5090909600257874 16
1595586054880 0.4996578097343445 17
1595586055479 0.5120718479156494 18
1595586055973 0.5029556751251221 19
