1595522744959 1.226599931716919 0
1595522745438 0.5936962366104126 1
1595522745893 0.5530123710632324 2
1595522746504 0.5381778478622437 3
1595522746880 0.5345534086227417 4
1595522747275 0.524573564529419 5
1595522747708 0.5259939432144165 6
1595522748206 0.5132520198822021 7
1595522748621 0.5184656381607056 8
1595522749149 0.5146936774253845 9
1595522749653 0.5138733983039856 10
1595522750053 0.5164394378662109 11
1595522750504 0.5077263116836548 12
1595522751004 0.5118704438209534 13
1595522751436 0.5158742666244507 14
1595522751853 0.5050392150878906 15
1595522752289 0.5099176168441772 16
1595522752759 0.49880149960517883 17
1595522753458 0.5006000995635986 18
1595522754052 0.4981657564640045 19
1595522754514 0.5004262924194336 20
1595522755019 0.4991490840911865 21
1595522755425 0.5060908198356628 22
1595522755818 0.4926437735557556 23
1595522756212 0.48776504397392273 24
1595522756662 0.4894358515739441 25
1595522757140 0.49176445603370667 26
1595522757607 0.47925543785095215 27
1595522758029 0.489608496427536 28
1595522758460 0.4897633492946625 29
1595522758885 0.47881177067756653 30
1595522759396 0.4832601547241211 31
