1595586002613 1.2788689136505127 0
1595586003583 0.7846633791923523 1
1595586004306 0.6333931684494019 2
1595586004994 0.5896261930465698 3
1595586005562 0.5763369798660278 4
1595586006109 0.5467099547386169 5
1595586006823 0.5362105965614319 6
1595586007675 0.5316004157066345 7
1595586008383 0.5304160118103027 8
1595586009058 0.5330847501754761 9
1595586009774 0.643306314945221 10
1595586010325 0.5384977459907532 11
1595586010997 0.5191913843154907 12
1595586011675 0.519930362701416 13
1595586012508 0.5226448774337769 14
1595586013327 0.5179040431976318 15
1595586013793 0.5231753587722778 16
1595586014374 0.5047047734260559 17
1595586015219 0.5129958987236023 18
1595586015793 0.5045074820518494 19
