1595586139697 5.817893028259277 0
1595586140531 0.7807251811027527 1
1595586141357 0.7638901472091675 2
1595586142226 0.7165541052818298 3
1595586143002 0.6440989971160889 4
1595586143750 0.5924140810966492 5
1595586144449 0.5648477673530579 6
1595586145283 0.5517377257347107 7
1595586146094 0.5409661531448364 8
1595586146884 0.5314231514930725 9
1595586147556 0.5244595408439636 10
1595586148395 0.5174688100814819 11
1595586149033 0.5139835476875305 12
1595586149933 0.5085455775260925 13
1595586150593 0.5054277181625366 14
1595586151312 0.5024304986000061 15
1595586152009 0.5005563497543335 16
1595586152760 0.4990171790122986 17
1595586153461 0.4983794093132019 18
1595586153842 0.4955942630767822 19
