1595582374974 1.400734782218933 0
1595582375778 0.6023000478744507 1
1595582376322 0.5556546449661255 2
1595582376859 0.5414884090423584 3
1595582377342 0.5419933795928955 4
1595582377844 0.539828896522522 5
1595582378370 0.5357946157455444 6
1595582379024 0.5216642618179321 7
1595582379564 0.5201408267021179 8
1595582380361 0.5098671913146973 9
1595582380920 0.5060961842536926 10
1595582381578 0.5051075220108032 11
1595582382349 0.49947479367256165 12
1595582382893 0.4953833520412445 13
1595582383499 0.4985082149505615 14
1595582384091 0.49008455872535706 15
1595582384765 0.49038398265838623 16
1595582385438 0.48631495237350464 17
1595582386121 0.4834992289543152 18
1595582386798 0.4795892536640167 19
