1595582392757 1.2590268850326538 0
1595582393521 0.6179723143577576 1
1595582394225 0.5776416063308716 2
1595582395048 0.5520967841148376 3
1595582395874 0.5399793982505798 4
1595582396343 0.5350686311721802 5
1595582396831 0.5267924666404724 6
1595582397335 0.5152497291564941 7
1595582397726 0.5137999057769775 8
1595582398353 0.5021933913230896 9
1595582399335 0.5212169885635376 10
1595582400312 0.49962422251701355 11
1595582401006 0.49372848868370056 12
1595582401768 0.49773404002189636 13
1595582402768 0.4948420524597168 14
1595582403240 0.49399927258491516 15
1595582404371 0.4981408417224884 16
1595582404864 0.49612686038017273 17
1595582405477 0.4866943061351776 18
1595582405929 0.49207955598831177 19
