1595581709149 1.2806810140609741 0
1595581709706 0.6234203577041626 1
1595581710251 0.5825820565223694 2
1595581711082 0.5623572468757629 3
1595581711964 0.5465217232704163 4
1595581712661 0.5376750826835632 5
1595581713060 0.5351265072822571 6
1595581713664 0.5282987952232361 7
1595581714380 0.5281421542167664 8
1595581715030 0.5171893239021301 9
1595581715528 0.517528235912323 10
1595581716054 0.5075664520263672 11
1595581716598 0.5091665387153625 12
1595581717014 0.5054662823677063 13
1595581717602 0.4964653253555298 14
1595581718158 0.49352946877479553 15
1595581718849 0.4962102472782135 16
1595581719391 0.4957870543003082 17
1595581720120 0.49406155943870544 18
1595581720645 0.4864442050457001 19
