1595581725410 9.425086975097656 0
1595581725908 0.7814943194389343 1
1595581726329 0.7752276062965393 2
1595581727025 0.766045093536377 3
1595581727595 0.7472737431526184 4
1595581728344 0.7117273807525635 5
1595581728936 0.6601057052612305 6
1595581729520 0.6192626357078552 7
1595581730109 0.594535768032074 8
1595581730696 0.5790356397628784 9
1595581731251 0.5685582160949707 10
1595581731868 0.5610939264297485 11
1595581732656 0.5544601678848267 12
1595581733541 0.5479016900062561 13
1595581734112 0.5430096387863159 14
1595581734779 0.5377677083015442 15
1595581735379 0.5341426730155945 16
1595581736013 0.5300968289375305 17
1595581736670 0.5255961418151855 18
1595581737264 0.5233439207077026 19
