1595581629076 1.2659690380096436 0
1595581629743 0.5822786688804626 1
1595581630313 0.5544053316116333 2
1595581631211 0.5427525639533997 3
1595581631760 0.5271218419075012 4
1595581632387 0.5266243815422058 5
1595581633074 0.5251081585884094 6
1595581633666 0.5196503400802612 7
1595581634277 0.5123108625411987 8
1595581634905 0.5085427761077881 9
1595581635448 0.5068284869194031 10
1595581635988 0.5055537223815918 11
1595581636604 0.4992895722389221 12
1595581637191 0.5006470680236816 13
1595581637741 0.5002321600914001 14
1595581638333 0.5013655424118042 15
1595581638899 0.5051504969596863 16
1595581639423 0.4952217936515808 17
1595581640170 0.4989428222179413 18
1595581640709 0.4900493323802948 19
