1595581645796 1.4681923389434814 0
1595581646270 0.6034330725669861 1
1595581646701 0.5570802092552185 2
1595581647537 0.5371319651603699 3
1595581648142 0.5307507514953613 4
1595581648660 0.5235143303871155 5
1595581649159 0.5214927196502686 6
1595581649643 0.511884331703186 7
1595581650241 0.5076936483383179 8
1595581650857 0.5050490498542786 9
1595581651311 0.4968835413455963 10
1595581651791 0.5022178888320923 11
1595581652230 0.4959673285484314 12
1595581652816 0.49388083815574646 13
1595581653253 0.4989771246910095 14
1595581653676 0.4994414150714874 15
1595581654137 0.49019044637680054 16
1595581654649 0.4816407263278961 17
1595581655055 0.4743873178958893 18
1595581655425 0.48165643215179443 19
