1595581757864 10.711112976074219 0
1595581758431 1.9546782970428467 1
1595581758988 1.501421570777893 2
1595581759951 0.8978205919265747 3
1595581760705 1.1046960353851318 4
1595581761322 1.4467837810516357 5
1595581761793 1.2426018714904785 6
1595581762383 1.0655250549316406 7
1595581762919 1.2740124464035034 8
1595581763467 1.1716424226760864 9
1595581764015 0.9862144589424133 10
1595581764645 0.82231605052948 11
1595581765228 0.8492206335067749 12
1595581765791 0.9968714118003845 13
1595581766480 0.9461215138435364 14
1595581767121 0.8193849325180054 15
1595581767657 1.2105811834335327 16
1595581768113 1.3550556898117065 17
1595581768538 1.2538044452667236 18
1595581768891 0.865055501461029 19
