1595582246582 5.650806427001953 0
1595582247276 3.6206119060516357 1
1595582247814 6.617449760437012 2
1595582248339 8.260043144226074 3
1595582248854 13.573769569396973 4
1595582249272 17.236324310302734 5
1595582249773 14.355091094970703 6
1595582250399 12.88338565826416 7
1595582251146 14.586895942687988 8
1595582251587 13.088387489318848 9
1595582252086 9.967616081237793 10
1595582252592 10.217230796813965 11
1595582253023 7.377900123596191 12
1595582253594 4.9317450523376465 13
1595582254218 4.494111061096191 14
1595582254840 4.624405860900879 15
1595582255284 5.650941848754883 16
1595582256648 9.158227920532227 17
1595582257299 14.810436248779297 18
1595582257783 16.20642852783203 19
