1595582297928 9.329249382019043 0
1595582298759 0.7818901538848877 1
1595582299475 0.7752180099487305 2
1595582300180 0.7650435566902161 3
1595582300791 0.7445639371871948 4
1595582301719 0.7067728638648987 5
1595582303220 0.652040958404541 6
1595582304513 0.6082996129989624 7
1595582305636 0.5826138257980347 8
1595582306547 0.5679520964622498 9
1595582307223 0.5573165416717529 10
1595582308070 0.549571692943573 11
1595582308929 0.5423881411552429 12
1595582309561 0.535607099533081 13
1595582310170 0.5311596393585205 14
1595582310888 0.5254167318344116 15
1595582311632 0.5218504071235657 16
1595582312099 0.516427755355835 17
1595582312477 0.5139667987823486 18
1595582312919 0.5132843255996704 19
