1595582208022 6.273348331451416 0
1595582208539 0.7812576293945312 1
1595582209018 0.771975576877594 2
1595582209615 0.7384549379348755 3
1595582210173 0.6667128205299377 4
1595582210666 0.6012834906578064 5
1595582211245 0.571625292301178 6
1595582211883 0.5579898357391357 7
1595582212417 0.5481894016265869 8
1595582213087 0.537757158279419 9
1595582213825 0.5300834774971008 10
1595582214748 0.5226150155067444 11
1595582215888 0.5199353694915771 12
1595582217019 0.5149279832839966 13
1595582217758 0.5142403841018677 14
1595582218386 0.5112978219985962 15
1595582219292 0.5085086822509766 16
1595582219938 0.5080485939979553 17
1595582220591 0.5053755044937134 18
1595582221664 0.504261314868927 19
