1595581693549 1.1458122730255127 0
1595581693982 0.6018338203430176 1
1595581694406 0.5687593817710876 2
1595581695084 0.5518500208854675 3
1595581695703 0.5311574935913086 4
1595581696271 0.5309057235717773 5
1595581696831 0.5279462337493896 6
1595581697422 0.5123685002326965 7
1595581697899 0.5117644667625427 8
1595581698399 0.5093767046928406 9
1595581698926 0.510467529296875 10
1595581699417 0.5019041299819946 11
1595581700066 0.49680808186531067 12
1595581700521 0.5005015134811401 13
1595581701102 0.49690693616867065 14
1595581701652 0.488376647233963 15
1595581702180 0.49502840638160706 16
1595581702707 0.4820760488510132 17
1595581703190 0.48313844203948975 18
1595581703775 0.4811168313026428 19
