1595582375024 1.5112872123718262 0
1595582375867 0.7984897494316101 1
1595582376635 0.7961655259132385 2
1595582377257 0.794705331325531 3
1595582377982 0.7942521572113037 4
1595582378596 0.7974230051040649 5
1595582379158 0.7986252903938293 6
1595582379907 0.7934673428535461 7
1595582380583 0.7927529811859131 8
1595582381162 0.7949941158294678 9
1595582381725 0.7938756346702576 10
1595582382378 0.8010287880897522 11
1595582383014 0.7984350323677063 12
1595582383633 0.7906312346458435 13
1595582384284 0.8027259707450867 14
1595582384822 0.7985720038414001 15
1595582385352 0.7991355657577515 16
1595582385993 0.795215904712677 17
1595582386615 0.7918105721473694 18
1595582387255 0.8019222617149353 19
