1595586041897 1.3040319681167603 0
1595586042735 0.6802322268486023 1
1595586043381 0.5664385557174683 2
1595586044109 0.547537624835968 3
1595586044839 0.5575665235519409 4
1595586045533 0.5404954552650452 5
1595586046156 0.5250794887542725 6
1595586047275 0.5250294208526611 7
1595586047920 0.524683952331543 8
1595586048567 0.5186598300933838 9
1595586049257 0.5156593918800354 10
1595586049926 0.5200986266136169 11
1595586050480 0.500015139579773 12
1595586051047 0.4997618496417999 13
1595586051574 0.5657467246055603 14
1595586052216 0.498958021402359 15
1595586052825 0.4988921880722046 16
1595586053547 0.48792850971221924 17
1595586054190 0.4832780659198761 18
1595586054853 0.48975998163223267 19
