1595522180739 1747.8233642578125 0
1595522181193 1740.8531494140625 1
1595522181642 1740.939208984375 2
1595522182286 1740.791015625 3
1595522182769 1740.9105224609375 4
1595522183305 1740.8818359375 5
1595522183819 1740.9210205078125 6
1595522184424 1740.8729248046875 7
1595522184902 1740.808837890625 8
1595522185353 1740.86279296875 9
1595522185786 1740.822265625 10
1595522186302 1740.8748779296875 11
1595522186759 1740.922119140625 12
1595522187192 1741.02197265625 13
1595522187660 1740.8349609375 14
1595522188129 1740.9261474609375 15
1595522188579 1740.927734375 16
1595522189038 1740.8736572265625 17
1595522189543 1740.91015625 18
1595522190020 1740.8251953125 19
1595522190512 1740.912353515625 20
1595522190976 1740.96826171875 21
1595522191524 1740.89892578125 22
1595522192006 1740.83154296875 23
1595522192481 1740.8800048828125 24
1595522192946 1740.8790283203125 25
1595522193405 1740.8231201171875 26
1595522193841 1740.784912109375 27
1595522194563 1740.9649658203125 28
1595522195045 1740.8861083984375 29
1595522195498 1740.9322509765625 30
1595522195953 1740.7208251953125 31
