1595581675734 1.446798324584961 0
1595581676161 0.6079123020172119 1
1595581676608 0.5512354969978333 2
1595581677291 0.5435975790023804 3
1595581677728 0.5366295576095581 4
1595581678349 0.5368236899375916 5
1595581679080 0.5247983932495117 6
1595581679626 0.5225847959518433 7
1595581680266 0.5098031759262085 8
1595581681230 0.5126590728759766 9
1595581681921 0.509887158870697 10
1595581682559 0.5089797377586365 11
1595581683094 0.507585883140564 12
1595581683606 0.5071836113929749 13
1595581684100 0.5043321251869202 14
1595581684859 0.49994558095932007 15
1595581685431 0.504637598991394 16
1595581686923 0.5010536909103394 17
1595581688348 0.4919176995754242 18
1595581689033 0.4912559688091278 19
