1595582392756 1.5875834226608276 0
1595582393495 0.5845211148262024 1
1595582394312 0.5588635802268982 2
1595582395183 0.5449920892715454 3
1595582395814 0.5348696708679199 4
1595582396291 0.5398473739624023 5
1595582396971 0.5277312994003296 6
1595582397449 0.5260486006736755 7
1595582397936 0.5209225416183472 8
1595582398551 0.5166259407997131 9
1595582399901 0.5122216939926147 10
1595582400457 0.5088897347450256 11
1595582401133 0.5145198702812195 12
1595582402002 0.505871593952179 13
1595582402992 0.4995433986186981 14
1595582403975 0.5008225440979004 15
1595582404678 0.5010148882865906 16
1595582405236 0.49904292821884155 17
1595582405756 0.49365314841270447 18
1595582406210 0.4968584477901459 19
