1595582513637 1.2875362634658813 0
1595582514336 0.6247339844703674 1
1595582515033 0.6015037894248962 2
1595582515690 0.5505229830741882 3
1595582516208 0.5489889979362488 4
1595582516717 0.5313311219215393 5
1595582517317 0.5232977867126465 6
1595582517905 0.5249050259590149 7
1595582518445 0.5137941837310791 8
1595582518949 0.5143141746520996 9
1595582519409 0.5183730721473694 10
1595582519882 0.5063616037368774 11
1595582520377 0.49774035811424255 12
1595582520860 0.5000688433647156 13
1595582521391 0.4973989725112915 14
1595582521832 0.49534571170806885 15
1595582522422 0.48880091309547424 16
1595582522997 0.48587653040885925 17
1595582523460 0.4844522178173065 18
1595582524223 0.4856458902359009 19
