1595582479772 1.7696640491485596 0
1595582480476 0.5975239872932434 1
1595582481214 0.542016327381134 2
1595582481725 0.5356013774871826 3
1595582482299 0.5266987085342407 4
1595582482776 0.5302712917327881 5
1595582483301 0.5147624015808105 6
1595582483820 0.5131296515464783 7
1595582484432 0.5110799074172974 8
1595582485056 0.5136181116104126 9
1595582485706 0.5011822581291199 10
1595582486351 0.5023792386054993 11
1595582486825 0.5040143132209778 12
1595582487336 0.5022385120391846 13
1595582487869 0.4969818890094757 14
1595582488560 0.49394524097442627 15
1595582489181 0.4961515963077545 16
1595582489753 0.4887126088142395 17
1595582490336 0.4900413453578949 18
1595582490851 0.4909396767616272 19
