1595586061295 1.8697996139526367 0
1595586062233 0.6116198301315308 1
1595586062900 0.5509656667709351 2
1595586063886 0.5326636433601379 3
1595586064523 0.5248329639434814 4
1595586065307 0.5256342887878418 5
1595586066070 0.5119951963424683 6
1595586066838 0.5120030641555786 7
1595586067400 0.5129914879798889 8
1595586068007 0.5076796412467957 9
1595586068526 0.509072482585907 10
1595586069118 0.5020294785499573 11
1595586069704 0.5005103349685669 12
1595586070394 0.4975243806838989 13
1595586071212 0.4957921504974365 14
1595586071907 0.4943784177303314 15
1595586072528 0.49262863397598267 16
1595586073137 0.49204888939857483 17
1595586073865 0.4933707118034363 18
1595586074608 0.48874005675315857 19
