1595582262999 1.1950156688690186 0
1595582263823 0.5807158946990967 1
1595582264538 0.546489953994751 2
1595582265031 0.5416979789733887 3
1595582265604 0.5414566397666931 4
1595582266053 0.527618944644928 5
1595582266633 0.5160015225410461 6
1595582267254 0.5130897760391235 7
1595582267726 0.5035140514373779 8
1595582268239 0.502077043056488 9
1595582268730 0.5127341151237488 10
1595582269259 0.5004101991653442 11
1595582269865 0.4997292757034302 12
1595582270555 0.4932383596897125 13
1595582271046 0.4908263385295868 14
1595582271722 0.4892368018627167 15
1595582272242 0.4927482604980469 16
1595582272742 0.49381598830223083 17
1595582273312 0.484514445066452 18
1595582273765 0.4871649444103241 19
