1595582411642 1.348740816116333 0
1595582412298 0.5821468830108643 1
1595582413074 0.54795902967453 2
1595582413669 0.5416587591171265 3
1595582414222 0.5260283350944519 4
1595582414786 0.5253762006759644 5
1595582415506 0.5189907550811768 6
1595582416041 0.5108963251113892 7
1595582416524 0.514873743057251 8
1595582416969 0.5016598105430603 9
1595582417469 0.49930769205093384 10
1595582417902 0.5032994151115417 11
1595582418405 0.49601680040359497 12
1595582418962 0.4947969317436218 13
1595582419550 0.5067119002342224 14
1595582420055 0.49536439776420593 15
1595582420805 0.4908023178577423 16
1595582421527 0.4876542389392853 17
1595582422145 0.48900067806243896 18
1595582422882 0.48353323340415955 19
