1595582280052 1.2058202028274536 0
1595582280731 0.5757058262825012 1
1595582281316 0.5457423329353333 2
1595582281803 0.5320773124694824 3
1595582282292 0.5322319865226746 4
1595582282862 0.5204105973243713 5
1595582283477 0.522223711013794 6
1595582284123 0.5172770023345947 7
1595582284726 0.5158790946006775 8
1595582285277 0.500262975692749 9
1595582285945 0.5059486627578735 10
1595582286478 0.4941062331199646 11
1595582287216 0.49891412258148193 12
1595582287761 0.5063013434410095 13
1595582288523 0.4948987066745758 14
1595582289133 0.4890527129173279 15
1595582289900 0.5032644271850586 16
1595582290566 0.484231561422348 17
1595582291490 0.4902630150318146 18
1595582292068 0.4787645936012268 19
