1595582229376 35.17857360839844 0
1595582230486 34.93636703491211 1
1595582231340 34.694820404052734 2
1595582231974 34.45457458496094 3
1595582232526 34.215415954589844 4
1595582233171 33.9782600402832 5
1595582233816 33.74290466308594 6
1595582234362 33.50898742675781 7
1595582234914 33.27664566040039 8
1595582235469 33.04601287841797 9
1595582236092 32.81679153442383 10
1595582236662 32.58916473388672 11
1595582237311 32.36293029785156 12
1595582238130 32.13833999633789 13
1595582238735 31.914777755737305 14
1595582239374 31.69258689880371 15
1595582240631 31.471799850463867 16
1595582241337 31.251956939697266 17
1595582241885 31.033235549926758 18
1595582242392 30.815963745117188 19
