1595582463125 2.759875774383545 0
1595582463709 0.7083606123924255 1
1595582464294 0.5988224744796753 2
1595582464875 0.558925986289978 3
1595582465435 0.5351151823997498 4
1595582466066 0.5272352695465088 5
1595582466580 0.520902156829834 6
1595582467105 0.5153906941413879 7
1595582467674 0.5144210457801819 8
1595582468160 0.5092543363571167 9
1595582468674 0.5044164657592773 10
1595582469169 0.501039445400238 11
1595582470220 0.5004715919494629 12
1595582471063 0.4983474016189575 13
1595582471773 0.4962621331214905 14
1595582472393 0.4985419809818268 15
1595582473127 0.49186110496520996 16
1595582473691 0.48858407139778137 17
1595582474351 0.487857460975647 18
1595582474840 0.48450133204460144 19
