1595582298093 12.277207374572754 0
1595582298869 12.147953987121582 1
1595582299597 11.682930946350098 2
1595582300302 12.548060417175293 3
1595582300893 10.481202125549316 4
1595582301609 10.31701946258545 5
1595582302625 10.79516887664795 6
1595582303499 6.8135576248168945 7
1595582304495 6.120971202850342 8
1595582305581 8.531936645507812 9
1595582306357 6.492118835449219 10
1595582306991 5.678307056427002 11
1595582307639 6.150893211364746 12
1595582308407 4.640951633453369 13
1595582308885 5.497156143188477 14
1595582309361 8.60960865020752 15
1595582309812 9.288037300109863 16
1595582310271 10.154627799987793 17
1595582310708 9.25850772857666 18
1595582311237 11.065378189086914 19
