1595582317959 34.959999084472656 0
1595582318612 34.240047454833984 1
1595582319184 33.53554916381836 2
1595582319877 32.846744537353516 3
1595582320477 32.17192840576172 4
1595582321076 31.5107421875 5
1595582321677 30.8625545501709 6
1595582322354 30.22846221923828 7
1595582323024 29.60669708251953 8
1595582323630 28.997509002685547 9
1595582324279 28.400287628173828 10
1595582324891 27.81447982788086 11
1595582325471 27.24169921875 12
1595582326020 26.679723739624023 13
1595582326656 26.128498077392578 14
1595582327254 25.58829689025879 15
1595582327910 25.058279037475586 16
1595582328512 24.53948211669922 17
1595582329008 24.029781341552734 18
1595582329484 23.52967071533203 19
