1595586080206 35.06233215332031 0
1595586081023 34.55595779418945 1
1595586081752 34.05408477783203 2
1595586082635 33.55815124511719 3
1595586083568 33.06972122192383 4
1595586084405 32.58864212036133 5
1595586085327 32.113887786865234 6
1595586086048 31.645742416381836 7
1595586086860 31.184438705444336 8
1595586087825 30.728973388671875 9
1595586088767 30.279626846313477 10
1595586089706 29.83622169494629 11
1595586090488 29.39822769165039 12
1595586091299 28.96629524230957 13
1595586092024 28.53965187072754 14
1595586092905 28.11859130859375 15
1595586094370 27.7031307220459 16
1595586095321 27.29232406616211 17
1595586096174 26.886655807495117 18
1595586097089 26.48556137084961 19
