1595586139743 1.7967829704284668 0
1595586140606 0.5997100472450256 1
1595586141410 0.5613602995872498 2
1595586142042 0.5343229174613953 3
1595586142711 0.5240022540092468 4
1595586143327 0.5148036479949951 5
1595586143918 0.5176833271980286 6
1595586144527 0.509006679058075 7
1595586145225 0.5071424245834351 8
1595586145973 0.5058336853981018 9
1595586146615 0.49892130494117737 10
1595586147352 0.5022497177124023 11
1595586147954 0.4964594841003418 12
1595586148687 0.5004749894142151 13
1595586149475 0.4924987852573395 14
1595586150269 0.49309593439102173 15
1595586150931 0.4896518588066101 16
1595586151682 0.4878842234611511 17
1595586152531 0.4887540638446808 18
1595586153119 0.4901529550552368 19
