1595582445673 35.18040466308594 0
1595582446506 34.91650390625 1
1595582447241 34.654727935791016 2
1595582447743 34.39462661743164 3
1595582448288 34.136314392089844 4
1595582448843 33.880096435546875 5
1595582449357 33.62575149536133 6
1595582449937 33.37316131591797 7
1595582450512 33.12244415283203 8
1595582451038 32.87367630004883 9
1595582451597 32.62675476074219 10
1595582452256 32.38179397583008 11
1595582452892 32.13874816894531 12
1595582453584 31.897371292114258 13
1595582454219 31.65768051147461 14
1595582454886 31.419824600219727 15
1595582455547 31.18339729309082 16
1595582456034 30.949121475219727 17
1595582456945 30.716344833374023 18
1595582457716 30.48524284362793 19
