1595582229416 25.11197853088379 0
1595582230479 30.819318771362305 1
1595582231192 28.859312057495117 2
1595582231759 31.86254119873047 3
1595582232254 29.630895614624023 4
1595582232697 29.79694366455078 5
1595582233212 15.348636627197266 6
1595582233681 10.768818855285645 7
1595582234134 7.88245153427124 8
1595582234567 6.4309258460998535 9
1595582234978 13.616084098815918 10
1595582235475 12.944753646850586 11
1595582236026 21.114330291748047 12
1595582236478 24.87102508544922 13
1595582237066 26.337934494018555 14
1595582237664 34.896907806396484 15
1595582238260 38.49121856689453 16
1595582238778 40.356292724609375 17
1595582239372 46.197017669677734 18
1595582240347 58.159358978271484 19
