1595522319312 1748.8856201171875 0
1595522319761 1740.87158203125 1
1595522320230 1740.87060546875 2
1595522320814 1740.8851318359375 3
1595522321352 1740.8572998046875 4
1595522321815 1740.8233642578125 5
1595522322247 1740.8375244140625 6
1595522322690 1740.8968505859375 7
1595522323193 1740.8499755859375 8
1595522323739 1740.845703125 9
1595522324304 1740.910888671875 10
1595522324806 1740.8270263671875 11
1595522325230 1740.8035888671875 12
1595522325614 1740.9293212890625 13
1595522326008 1740.8037109375 14
1595522326516 1740.8580322265625 15
1595522326956 1740.8046875 16
1595522327404 1740.8062744140625 17
1595522327791 1740.8961181640625 18
1595522328269 1740.822265625 19
1595522328706 1740.8594970703125 20
1595522329274 1740.9239501953125 21
1595522329739 1740.8436279296875 22
1595522330170 1740.9326171875 23
1595522330637 1740.9188232421875 24
1595522331120 1740.86328125 25
1595522331590 1740.8465576171875 26
1595522332555 1740.8302001953125 27
1595522333170 1740.9393310546875 28
1595522333675 1740.924072265625 29
1595522334182 1740.8121337890625 30
1595522335007 1740.865234375 31
