1595581659954 34.9319953918457 0
1595581660456 34.14969253540039 1
1595581660943 33.384490966796875 2
1595581661655 32.636810302734375 3
1595581662280 31.905662536621094 4
1595581663005 31.190526962280273 5
1595581663721 30.49026107788086 6
1595581664386 29.805280685424805 7
1595581665048 29.135116577148438 8
1595581665638 28.478639602661133 9
1595581666168 27.83661460876465 10
1595581666755 27.20701789855957 11
1595581667347 26.590057373046875 12
1595581667937 25.98493194580078 13
1595581668525 25.39095687866211 14
1595581669124 24.80884552001953 15
1595581669827 24.23760986328125 16
1595581670232 23.676786422729492 17
1595581670629 23.125957489013672 18
1595581671030 22.584976196289062 19
