1595525285331 1.2240948677062988 0
1595525285782 0.6073769927024841 1
1595525286278 0.5545617341995239 2
1595525287077 0.5499953627586365 3
1595525287684 0.545738935470581 4
1595525288123 0.5311429500579834 5
1595525288624 0.522142767906189 6
1595525289053 0.5218138098716736 7
1595525289585 0.5186931490898132 8
1595525290047 0.5103979706764221 9
1595525290741 0.504468560218811 10
1595525291236 0.5025407075881958 11
1595525291635 0.5064582228660583 12
1595525292279 0.5002338886260986 13
1595525292754 0.49435973167419434 14
1595525293209 0.49859535694122314 15
1595525293759 0.49514254927635193 16
1595525294497 0.48941609263420105 17
1595525295090 0.49708321690559387 18
1595525295602 0.4807596504688263 19
1595525296080 0.4854719340801239 20
1595525296709 0.4876943826675415 21
1595525297395 0.4782940149307251 22
1595525298061 0.48449715971946716 23
1595525298678 0.4721335768699646 24
1595525299151 0.47614869475364685 25
1595525299692 0.48013147711753845 26
1595525300290 0.47629567980766296 27
1595525300813 0.46962404251098633 28
1595525301418 0.47528794407844543 29
1595525301938 0.46907365322113037 30
1595525302468 0.4719997048377991 31
