1595582445659 35.17625045776367 0
1595582446509 34.902137756347656 1
1595582447223 34.62894058227539 2
1595582447733 34.35791015625 3
1595582448285 34.088199615478516 4
1595582448853 33.81999588012695 5
1595582449399 33.553550720214844 6
1595582449969 33.28897476196289 7
1595582450592 33.026004791259766 8
1595582451246 32.765377044677734 9
1595582451849 32.50686264038086 10
1595582452452 32.25007629394531 11
1595582452997 31.995006561279297 12
1595582453680 31.74232292175293 13
1595582454257 31.491413116455078 14
1595582454886 31.242040634155273 15
1595582455528 30.99449920654297 16
1595582456150 30.74921989440918 17
1595582457154 30.50562858581543 18
1595582458012 30.263900756835938 19
