1595582262657 17.89504623413086 0
1595582263266 1.322079062461853 1
1595582263829 0.7779358625411987 2
1595582264581 0.7748811841011047 3
1595582265283 0.7727351188659668 4
1595582265989 0.7680867910385132 5
1595582266737 0.7627473473548889 6
1595582267306 0.7540446519851685 7
1595582267856 0.7420938014984131 8
1595582268420 0.7264660000801086 9
1595582268959 0.7048332095146179 10
1595582269589 0.6789731383323669 11
1595582270348 0.6520139575004578 12
1595582271027 0.627703070640564 13
1595582271901 0.609257161617279 14
1595582272464 0.5964252948760986 15
1595582273065 0.5875683426856995 16
1595582273637 0.5799152851104736 17
1595582274126 0.573395311832428 18
1595582274565 0.5698320269584656 19
