1595586002654 3.126897096633911 0
1595586003688 0.7937292456626892 1
1595586004385 0.7995091080665588 2
1595586004962 0.7997337579727173 3
1595586005529 0.7915288209915161 4
1595586006049 0.7924432158470154 5
1595586006619 0.8154750466346741 6
1595586007383 0.7887259125709534 7
1595586008013 0.7984412312507629 8
1595586008588 0.794769287109375 9
1595586009359 0.8041213154792786 10
1595586010143 0.8107426762580872 11
1595586010795 0.7964416742324829 12
1595586011533 0.7937894463539124 13
1595586012193 0.7960771322250366 14
1595586012823 0.7963126301765442 15
1595586013459 0.79967200756073 16
1595586013947 0.7902767062187195 17
1595586014747 0.7951695322990417 18
1595586015423 0.8145124316215515 19
