1595586101969 1.4706733226776123 0
1595586102930 0.6004174947738647 1
1595586103769 0.5719675421714783 2
1595586104361 0.5404958724975586 3
1595586105039 0.5403299927711487 4
1595586105836 0.5220652222633362 5
1595586106628 0.5209560394287109 6
1595586107257 0.5182653665542603 7
1595586107905 0.5248461961746216 8
1595586108439 0.514417827129364 9
1595586109123 0.5132244825363159 10
1595586109800 0.5025913715362549 11
1595586110440 0.505163848400116 12
1595586111171 0.5067499279975891 13
1595586111783 0.5073996186256409 14
1595586112430 0.4985957443714142 15
1595586112961 0.4927492141723633 16
1595586113487 0.4998854696750641 17
1595586113983 0.4940728545188904 18
1595586114887 0.49468493461608887 19
