1595581742523 1.1937063932418823 0
1595581743063 0.580090343952179 1
1595581743539 0.5521277189254761 2
1595581744316 0.5491535663604736 3
1595581744851 0.5340144634246826 4
1595581745531 0.5284613370895386 5
1595581746061 0.5334894061088562 6
1595581746603 0.5211659669876099 7
1595581747214 0.5132354497909546 8
1595581747875 0.5138856768608093 9
1595581748438 0.5084072351455688 10
1595581748898 0.5132203102111816 11
1595581749340 0.506222128868103 12
1595581750056 0.5051292777061462 13
1595581750503 0.5027219653129578 14
1595581751038 0.49729806184768677 15
1595581751556 0.49174872040748596 16
1595581752165 0.49137622117996216 17
1595581752764 0.48531201481819153 18
1595581753403 0.48843327164649963 19
