1595581629028 1.7352293729782104 0
1595581629520 0.6185942888259888 1
1595581630085 0.5397294163703918 2
1595581630838 0.5269255638122559 3
1595581631377 0.5237381458282471 4
1595581631987 0.5150930881500244 5
1595581632667 0.5068072080612183 6
1595581633383 0.5039281845092773 7
1595581633913 0.5001150965690613 8
1595581634667 0.49378877878189087 9
1595581635196 0.5006840825080872 10
1595581635762 0.49534285068511963 11
1595581636346 0.49174371361732483 12
1595581636886 0.4906323552131653 13
1595581637518 0.49404165148735046 14
1595581638185 0.4866963326931 15
1595581638879 0.48432695865631104 16
1595581639553 0.4826551079750061 17
1595581640139 0.4819827079772949 18
1595581640672 0.48661336302757263 19
