1595522805780 1.1687155961990356 0
1595522806207 0.6178759336471558 1
1595522806711 0.5584388375282288 2
1595522807332 0.5393221378326416 3
1595522807782 0.5263278484344482 4
1595522808321 0.5232450366020203 5
1595522808840 0.5198904871940613 6
1595522809238 0.5133237242698669 7
1595522809758 0.5020507574081421 8
1595522810292 0.5095502734184265 9
1595522810738 0.5052680969238281 10
1595522811201 0.5073809027671814 11
1595522811640 0.5023255348205566 12
1595522812000 0.506689727306366 13
1595522812494 0.49554604291915894 14
1595522812922 0.49265730381011963 15
1595522813377 0.4923391342163086 16
1595522813828 0.49586236476898193 17
1595522814335 0.49333077669143677 18
1595522814772 0.49546146392822266 19
1595522815285 0.4868854284286499 20
1595522815723 0.4871427118778229 21
1595522816174 0.48745593428611755 22
1595522816616 0.4823480248451233 23
1595522817059 0.484721839427948 24
1595522817585 0.4854407012462616 25
1595522818008 0.4809543788433075 26
1595522818474 0.47414836287498474 27
1595522819017 0.47778382897377014 28
1595522819399 0.4761030673980713 29
1595522819809 0.4818096160888672 30
1595522820276 0.47763511538505554 31
