1595586061142 5.172614574432373 0
1595586062157 0.7824734449386597 1
1595586063037 0.7667675018310547 2
1595586063940 0.7200100421905518 3
1595586064559 0.63539057970047 4
1595586065331 0.5917166471481323 5
1595586066112 0.5784494876861572 6
1595586066773 0.5669805407524109 7
1595586067457 0.5579655170440674 8
1595586067963 0.5510002374649048 9
1595586068529 0.5423411130905151 10
1595586069236 0.5352585315704346 11
1595586069914 0.5272896885871887 12
1595586070641 0.5180056095123291 13
1595586071389 0.5137376189231873 14
1595586072115 0.5119889378547668 15
1595586072663 0.5110437273979187 16
1595586073319 0.5079946517944336 17
1595586073989 0.5073211789131165 18
1595586074744 0.505022406578064 19
