1595582496330 1.388060212135315 0
1595582496967 0.5895369052886963 1
1595582497479 0.5626353025436401 2
1595582497925 0.5555683970451355 3
1595582498550 0.5343759059906006 4
1595582499111 0.5391350388526917 5
1595582500125 0.5284884572029114 6
1595582500853 0.5202067494392395 7
1595582501493 0.5146430134773254 8
1595582502294 0.5141414999961853 9
1595582503043 0.5053068399429321 10
1595582503562 0.5033562183380127 11
1595582504157 0.49521398544311523 12
1595582504899 0.4951021075248718 13
1595582505618 0.49439242482185364 14
1595582506287 0.4927191734313965 15
1595582506788 0.49616363644599915 16
1595582507389 0.4891197383403778 17
1595582507855 0.49703249335289 18
1595582508406 0.4850562810897827 19
