1595582209339 1.2280936241149902 0
1595582210040 0.597697377204895 1
1595582210515 0.5668383240699768 2
1595582211100 0.5431147813796997 3
1595582211651 0.5379260778427124 4
1595582212159 0.5333081483840942 5
1595582212838 0.5260521173477173 6
1595582213364 0.5216087102890015 7
1595582213881 0.5211873054504395 8
1595582214693 0.5168322920799255 9
1595582216351 0.5149175524711609 10
1595582217079 0.5065223574638367 11
1595582217787 0.5061476230621338 12
1595582218422 0.5012167692184448 13
1595582219574 0.5072832703590393 14
1595582220184 0.5004185438156128 15
1595582221315 0.499126136302948 16
1595582222731 0.5042979717254639 17
1595582223623 0.49350705742836 18
1595582224363 0.4937843084335327 19
