1595586102114 1.6679733991622925 0
1595586103172 0.6457511782646179 1
1595586103997 0.5523450970649719 2
1595586104687 0.5433312058448792 3
1595586105446 0.5283966660499573 4
1595586106267 0.5277302861213684 5
1595586106905 0.5185635089874268 6
1595586107517 0.5160367488861084 7
1595586108091 0.5152945518493652 8
1595586109025 0.5051429271697998 9
1595586109719 0.5168857574462891 10
1595586110246 0.5036078095436096 11
1595586110779 0.5077108144760132 12
1595586111285 0.49810972809791565 13
1595586111874 0.501176655292511 14
1595586112640 0.49728915095329285 15
1595586113221 0.49635592103004456 16
1595586113834 0.49319273233413696 17
1595586114537 0.4933391511440277 18
1595586115344 0.4894542098045349 19
