1595586022230 1.177598476409912 0
1595586023290 0.7987940907478333 1
1595586024227 0.793010950088501 2
1595586025166 0.7948716282844543 3
1595586025828 0.794035017490387 4
1595586026522 0.7966932058334351 5
1595586027298 0.6788299679756165 6
1595586028016 0.577754020690918 7
1595586028810 0.5889125466346741 8
1595586029666 0.5678288340568542 9
1595586030441 0.5593632459640503 10
1595586031072 0.5652384161949158 11
1595586031750 0.5369879007339478 12
1595586032384 0.5691468715667725 13
1595586033296 0.538650631904602 14
1595586034060 0.5561544895172119 15
1595586034720 0.5386597514152527 16
1595586035314 0.5398139357566833 17
1595586035865 0.5313462018966675 18
1595586036380 0.5437517762184143 19
