1595582280074 2.708355188369751 0
1595582280752 0.7035640478134155 1
1595582281313 0.5564329028129578 2
1595582281849 0.5321014523506165 3
1595582282310 0.5278949737548828 4
1595582282892 0.5199856758117676 5
1595582283527 0.5182754993438721 6
1595582284127 0.5153909921646118 7
1595582284727 0.5084736943244934 8
1595582285230 0.5090355277061462 9
1595582285771 0.5097199082374573 10
1595582286441 0.5013596415519714 11
1595582287151 0.5024449229240417 12
1595582287962 0.5018473267555237 13
1595582288598 0.4949916899204254 14
1595582289288 0.4958837330341339 15
1595582290268 0.49245721101760864 16
1595582290981 0.49106696248054504 17
1595582291658 0.48426955938339233 18
1595582292442 0.48365169763565063 19
