1595582370337 0.8845435895979945 0
1595582386953 0.4795892536640167 0
1595582387374 0.8019222617149353 0
1595582406066 0.49207955598831177 0
1595582406344 0.4968584477901459 0
1595582423130 0.48353323340415955 0
1595582423974 0.4795035719871521 0
1595582440743 0.4774015545845032 0
1595582441131 0.481996089220047 0
1595582457988 0.8868889212783237 0
1595582458272 0.8868889212783237 0
1595582474024 0.4902668595314026 0
1595582474944 0.48450133204460144 0
1595582490998 0.4909396767616272 0
1595582491350 0.4976312518119812 0
1595582508412 0.48217448592185974 0
1595582508549 0.4850562810897827 0
1595582524174 0.48709774017333984 0
1595582524494 0.4856458902359009 0
1595582532357 0.4856458902359009 0
