1595582429260 1.6691840887069702 0
1595582430028 0.5766271352767944 1
1595582430526 0.5391817092895508 2
1595582430986 0.5346890687942505 3
1595582431494 0.5226510167121887 4
1595582431986 0.5210358500480652 5
1595582433018 0.5177150368690491 6
1595582433484 0.5177273750305176 7
1595582434179 0.5029804110527039 8
1595582434737 0.5087969303131104 9
1595582435364 0.5039258599281311 10
1595582436138 0.4959505498409271 11
1595582436826 0.49836206436157227 12
1595582437356 0.4937024414539337 13
1595582437769 0.4874076545238495 14
1595582438279 0.4951375722885132 15
1595582438775 0.49126997590065 16
1595582439261 0.49567151069641113 17
1595582440003 0.4801727533340454 18
1595582440625 0.4774015545845032 19
