1595581660033 1.2888948917388916 0
1595581660471 0.8008800745010376 1
1595581660866 0.7947243452072144 2
1595581661455 0.8024242520332336 3
1595581661866 0.8045822978019714 4
1595581662502 0.8023141622543335 5
1595581663189 0.7967347502708435 6
1595581663943 0.7998034358024597 7
1595581664350 0.8069344162940979 8
1595581664845 0.8014982342720032 9
1595581665349 0.8009186387062073 10
1595581665809 0.8110976815223694 11
1595581666257 0.8083867430686951 12
1595581666741 0.793613851070404 13
1595581667261 0.805146336555481 14
1595581667740 0.8026266694068909 15
1595581668178 0.8011429309844971 16
1595581668626 0.799810528755188 17
1595581669103 0.8091726899147034 18
1595581669628 0.7993196845054626 19
