1595582463114 1.4405983686447144 0
1595582463737 0.5746617913246155 1
1595582464340 0.5436815619468689 2
1595582464829 0.5358356237411499 3
1595582465370 0.5265360474586487 4
1595582465971 0.5217652320861816 5
1595582466394 0.5258716344833374 6
1595582466955 0.5234557390213013 7
1595582467385 0.5190445780754089 8
1595582467764 0.5150721669197083 9
1595582468133 0.5041810870170593 10
1595582468628 0.5061265826225281 11
1595582469091 0.503995418548584 12
1595582469972 0.5092393755912781 13
1595582470953 0.49399974942207336 14
1595582471610 0.49740293622016907 15
1595582472232 0.49713045358657837 16
1595582472727 0.49374333024024963 17
1595582473353 0.4935648441314697 18
1595582473872 0.4902668595314026 19
