1595582513627 1.3795534372329712 0
1595582514291 0.5981258153915405 1
1595582514927 0.5599837303161621 2
1595582515372 0.5527434349060059 3
1595582515823 0.5308941602706909 4
1595582516364 0.5277815461158752 5
1595582517026 0.5194130539894104 6
1595582517658 0.5200918316841125 7
1595582518268 0.5165287852287292 8
1595582518742 0.5098579525947571 9
1595582519363 0.5075917840003967 10
1595582519915 0.5047160983085632 11
1595582520349 0.5001038312911987 12
1595582520873 0.4943993389606476 13
1595582521378 0.5008698105812073 14
1595582521842 0.4955589771270752 15
1595582522303 0.4917891025543213 16
1595582522777 0.48714831471443176 17
1595582523339 0.4862145185470581 18
1595582523877 0.48709774017333984 19
