1595581725436 1.714958667755127 0
1595581725960 0.5973421931266785 1
1595581726461 0.5459694862365723 2
1595581727255 0.5289505124092102 3
1595581727892 0.5266276597976685 4
1595581728470 0.5233501195907593 5
1595581729119 0.5124182105064392 6
1595581729690 0.5117262601852417 7
1595581730179 0.5063662528991699 8
1595581730657 0.4976569414138794 9
1595581731243 0.5001164078712463 10
1595581731834 0.4994373023509979 11
1595581733017 0.49288246035575867 12
1595581733642 0.48691457509994507 13
1595581734162 0.49025484919548035 14
1595581734779 0.4857962429523468 15
1595581735347 0.4835915267467499 16
1595581735846 0.48502281308174133 17
1595581736333 0.48510852456092834 18
1595581736880 0.47838664054870605 19
