1595582179098 1.5651419162750244 0
1595582179752 0.594464898109436 1
1595582180248 0.5591009855270386 2
1595582180810 0.5375690460205078 3
1595582181370 0.5267330408096313 4
1595582181767 0.5211926102638245 5
1595582182212 0.5235351324081421 6
1595582182611 0.5134912133216858 7
1595582183023 0.5124891400337219 8
1595582183521 0.513189435005188 9
1595582183988 0.49940258264541626 10
1595582184589 0.4999268054962158 11
1595582185122 0.5023210048675537 12
1595582185556 0.4928535223007202 13
1595582185998 0.49775007367134094 14
1595582186507 0.4832824766635895 15
1595582186989 0.48755908012390137 16
1595582187436 0.4885121285915375 17
1595582187937 0.48265671730041504 18
1595582188487 0.4838716983795166 19
