1595581709196 3.326723575592041 0
1595581709790 0.7367644309997559 1
1595581710290 0.6076028943061829 2
1595581711056 0.5728055834770203 3
1595581711893 0.552780270576477 4
1595581712497 0.5402177572250366 5
1595581713132 0.5317149758338928 6
1595581713959 0.5242289304733276 7
1595581714709 0.5189104080200195 8
1595581715349 0.516676664352417 9
1595581715890 0.5134723782539368 10
1595581716371 0.5097362995147705 11
1595581717002 0.5080658793449402 12
1595581717552 0.5060032606124878 13
1595581718026 0.5054100751876831 14
1595581718732 0.5031101703643799 15
1595581719238 0.5024570822715759 16
1595581719959 0.5005736351013184 17
1595581720525 0.49919620156288147 18
1595581721068 0.49700844287872314 19
