1595582496295 1.3847731351852417 0
1595582496957 0.5891982913017273 1
1595582497477 0.5490078330039978 2
1595582497974 0.5471470355987549 3
1595582498574 0.5377783179283142 4
1595582499194 0.5286323428153992 5
1595582500410 0.5270535349845886 6
1595582501209 0.525221586227417 7
1595582501842 0.5180028676986694 8
1595582502552 0.5100513696670532 9
1595582503190 0.5028731822967529 10
1595582503678 0.5060209631919861 11
1595582504089 0.506255567073822 12
1595582504770 0.4963148534297943 13
1595582505421 0.49330857396125793 14
1595582506044 0.492449015378952 15
1595582506630 0.488364577293396 16
1595582507195 0.48669159412384033 17
1595582507788 0.4852171838283539 18
1595582508307 0.48217448592185974 19
