1595582317975 1.2657151222229004 0
1595582318719 0.6022775173187256 1
1595582319381 0.5713621377944946 2
1595582320087 0.542280912399292 3
1595582320607 0.5354747772216797 4
1595582321101 0.5332275629043579 5
1595582321610 0.5231908559799194 6
1595582322289 0.5231947898864746 7
1595582322791 0.5099708437919617 8
1595582323338 0.5139708518981934 9
1595582323813 0.5136874914169312 10
1595582324220 0.5091894268989563 11
1595582324771 0.49789732694625854 12
1595582325287 0.5000477433204651 13
1595582325789 0.48823511600494385 14
1595582326287 0.49761834740638733 15
1595582326814 0.49866271018981934 16
1595582327302 0.4858509600162506 17
1595582327944 0.4906397759914398 18
1595582328424 0.4852048456668854 19
