1595582192666 1.4918403625488281 0
1595582193422 0.5754423141479492 1
1595582194116 0.551033079624176 2
1595582194542 0.5368478298187256 3
1595582194952 0.532372772693634 4
1595582195386 0.5198842287063599 5
1595582195895 0.5213494300842285 6
1595582196440 0.5120152235031128 7
1595582197028 0.5093374252319336 8
1595582197488 0.5090756416320801 9
1595582198032 0.49991852045059204 10
1595582198714 0.5032720565795898 11
1595582199155 0.5076913237571716 12
1595582199625 0.4905455708503723 13
1595582200310 0.49743250012397766 14
1595582200835 0.49644625186920166 15
1595582201369 0.4954981207847595 16
1595582201903 0.49249595403671265 17
1595582202553 0.4925612807273865 18
1595582203001 0.4926556944847107 19
