1595586160075 1.5441864728927612 0
1595586161033 0.5776535868644714 1
1595586161844 0.5542547106742859 2
1595586162675 0.5299882888793945 3
1595586163415 0.5259436368942261 4
1595586164161 0.5305308103561401 5
1595586164868 0.5260303020477295 6
1595586165500 0.5171540975570679 7
1595586166133 0.5124837160110474 8
1595586166807 0.5056642293930054 9
1595586167422 0.5045939683914185 10
1595586167961 0.5054382085800171 11
1595586168746 0.5010854005813599 12
1595586169362 0.4936261773109436 13
1595586170012 0.49671638011932373 14
1595586170577 0.48503392934799194 15
1595586171198 0.49192118644714355 16
1595586171796 0.4848276376724243 17
1595586172435 0.47564932703971863 18
1595586173143 0.47757306694984436 19
