1595586080197 34.94415283203125 0
1595586081048 34.19705581665039 1
1595586081821 33.46408462524414 2
1595586082737 32.74570083618164 3
1595586083766 32.04236602783203 4
1595586084579 31.353368759155273 5
1595586085428 30.677276611328125 6
1595586086155 30.01509666442871 7
1595586087065 29.366296768188477 8
1595586088105 28.729829788208008 9
1595586088983 28.10485076904297 10
1595586089789 27.49094009399414 11
1595586090722 26.887331008911133 12
1595586091689 26.295303344726562 13
1595586092617 25.712963104248047 14
1595586094044 25.1401309967041 15
1595586095135 24.57610511779785 16
1595586095944 24.020427703857422 17
1595586096878 23.4735050201416 18
1595586097736 22.934062957763672 19
