1595582246370 1.7953094244003296 0
1595582247010 0.5787323117256165 1
1595582247587 0.5453048944473267 2
1595582248025 0.5401002168655396 3
1595582248691 0.5251695513725281 4
1595582249236 0.5242631435394287 5
1595582249763 0.5256016254425049 6
1595582250378 0.5173479318618774 7
1595582251089 0.5068076848983765 8
1595582251551 0.5150719285011292 9
1595582252061 0.5118799805641174 10
1595582252543 0.5089747309684753 11
1595582252977 0.5043073296546936 12
1595582253497 0.5010145306587219 13
1595582253943 0.5056343078613281 14
1595582254572 0.49793699383735657 15
1595582255143 0.4955386221408844 16
1595582256346 0.49696052074432373 17
1595582257314 0.4936508238315582 18
1595582257849 0.49302059412002563 19
