1595581624592 0.8845435895979945 0
1595581640800 0.48661336302757263 0
1595581640898 0.4900493323802948 0
1595581655547 0.48165643215179443 0
1595581655728 0.4810788035392761 0
1595581669732 0.7993196845054626 0
1595581671203 0.8868889212783237 0
1595581689305 0.4912559688091278 0
1595581689650 0.5090144276618958 0
1595581703552 0.5077787041664124 0
1595581703887 0.4811168313026428 0
1595581720800 0.4864442050457001 0
1595581721178 0.49700844287872314 0
1595581737033 0.47838664054870605 0
1595581737402 0.5233439207077026 0
1595581753296 0.4845958650112152 0
1595581753540 0.48843327164649963 0
1595581769014 0.865055501461029 0
