1595582411779 1.3736735582351685 0
1595582412566 0.5771045088768005 1
1595582413382 0.5515614151954651 2
1595582414088 0.5331017374992371 3
1595582414612 0.5405383110046387 4
1595582415208 0.5248482823371887 5
1595582415838 0.5233750343322754 6
1595582416346 0.518293023109436 7
1595582416857 0.5190233588218689 8
1595582417436 0.5143858790397644 9
1595582417969 0.5085142254829407 10
1595582418630 0.5011444091796875 11
1595582419044 0.5010352730751038 12
1595582419642 0.5001283884048462 13
1595582420211 0.5014331936836243 14
1595582421122 0.4878779947757721 15
1595582421687 0.489062637090683 16
1595582422434 0.4949733018875122 17
1595582423265 0.4839935302734375 18
1595582423811 0.4795035719871521 19
