1595582429349 4.1032233238220215 0
1595582430095 0.7022301554679871 1
1595582430730 0.6137646436691284 2
1595582431339 0.5824193358421326 3
1595582432030 0.5626484155654907 4
1595582432829 0.5460811257362366 5
1595582433521 0.532463014125824 6
1595582434096 0.5247871279716492 7
1595582434682 0.5168307423591614 8
1595582435210 0.5106525421142578 9
1595582435792 0.5087891221046448 10
1595582436566 0.5061118006706238 11
1595582437246 0.501903235912323 12
1595582437685 0.5017665028572083 13
1595582438220 0.49450773000717163 14
1595582438912 0.49489596486091614 15
1595582439451 0.4928867220878601 16
1595582439961 0.4904550313949585 17
1595582440468 0.48765507340431213 18
1595582441020 0.481996089220047 19
