1595586022285 1.3070430755615234 0
1595586023364 0.5603315830230713 1
1595586024373 0.5502963066101074 2
1595586025116 0.5517078042030334 3
1595586025806 0.531909704208374 4
1595586026423 0.5339788794517517 5
1595586027071 0.5277621150016785 6
1595586027729 0.5200452208518982 7
1595586028473 0.5095234513282776 8
1595586029160 0.5091197490692139 9
1595586029990 0.512008011341095 10
1595586030555 0.5176929831504822 11
1595586031187 0.511325478553772 12
1595586031820 0.5002185702323914 13
1595586032390 0.5080069899559021 14
1595586032996 0.5021229386329651 15
1595586033832 0.4941774904727936 16
1595586034497 0.4976552724838257 17
1595586035178 0.49584540724754333 18
1595586035803 0.494962215423584 19
