1595585997468 0.8845435895979945 0
1595586015598 0.8145124316215515 0
1595586016005 0.5045074820518494 0
1595586035988 0.494962215423584 0
1595586036500 0.5437517762184143 0
1595586055066 0.48975998163223267 0
1595586056108 0.5029556751251221 0
1595586074833 0.48874005675315857 0
1595586074979 0.505022406578064 0
1595586097394 0.8868889212783237 0
1595586097934 0.8868889212783237 0
1595586115114 0.49468493461608887 0
1595586115460 0.4894542098045349 0
1595586132931 0.4816548228263855 0
1595586134350 0.5201261043548584 0
1595586153299 0.4901529550552368 0
1595586153940 0.4955942630767822 0
1595586173299 0.4965851306915283 0
1595586173390 0.47757306694984436 0
1595586179463 0.4955942630767822 0
