1595522444825 1773.700927734375 0
1595522445207 1740.8916015625 1
1595522445576 1740.8743896484375 2
1595522446230 1740.90771484375 3
1595522446733 1740.8035888671875 4
1595522447298 1740.8065185546875 5
1595522447759 1740.823486328125 6
1595522448281 1740.8568115234375 7
1595522448800 1740.7567138671875 8
1595522449465 1740.88037109375 9
1595522449996 1740.839111328125 10
1595522450456 1740.948974609375 11
1595522450934 1740.86962890625 12
1595522451491 1740.8931884765625 13
1595522452117 1740.9542236328125 14
1595522452616 1740.8397216796875 15
1595522453084 1740.8822021484375 16
1595522453782 1740.8975830078125 17
1595522454384 1740.89501953125 18
1595522455052 1740.857666015625 19
1595522455587 1740.8970947265625 20
1595522456077 1740.8577880859375 21
1595522456552 1740.8128662109375 22
1595522457028 1740.8369140625 23
1595522457656 1740.86474609375 24
1595522458168 1740.8148193359375 25
1595522458740 1740.8990478515625 26
1595522459223 1740.846923828125 27
1595522459753 1740.9697265625 28
1595522460235 1740.8900146484375 29
1595522460691 1740.8115234375 30
1595522461107 1740.846923828125 31
