1595586160044 3.284989833831787 0
1595586160954 0.7078525424003601 1
1595586161821 0.6168071627616882 2
1595586162513 0.5950580835342407 3
1595586163301 0.5761194825172424 4
1595586164075 0.5602487325668335 5
1595586164775 0.5443543791770935 6
1595586165318 0.5357291102409363 7
1595586165892 0.5259896516799927 8
1595586166566 0.5186133980751038 9
1595586167082 0.519051194190979 10
1595586167691 0.529478132724762 11
1595586168289 0.5162760019302368 12
1595586168907 0.5135689377784729 13
1595586169566 0.5111224055290222 14
1595586170264 0.5069202184677124 15
1595586171025 0.5062788724899292 16
1595586171745 0.5018752217292786 17
1595586172384 0.5031816959381104 18
1595586173091 0.4965851306915283 19
